Szczecin
Data: 22.06.2016
Temperatura: 13.98 13.0 13.09 13.43 13.4 13.03 15.0 16.8 18.66 20.66 22.71 24.09 24.3 25.85 25.64 26.71 26.58 25.84 25.55 25.08 23.56 22.95 20.21 18.5
Data: 21.06.2016
Temperatura: 15.37 14.43 14.02 14.4 14.39 14.48 14.64 14.81 14.95 15.56 15.72 15.97 16.88 17.94 19.01 19.91 20.27 20.98 20.42 20.7 19.88 17.84 16.09 14.88
Data: 23.06.2016
Temperatura: 18.04 16.51 16.45 16.37 15.21 16.2 17.63 19.38 21.24 23.19 24.75 26.27 27.05

Warszawa
Data: 22.06.2016
Temperatura: 16.14 14.63 14.09 13.91 13.43 14.21 16.34 18.22 19.72 20.96 22.2 23.45 24.63 25.68 26.51 26.16 26.64 26.44 24.87 24.02 22.34 20.73 19.58 18.96
Data: 21.06.2016
Temperatura: 14.27 13.75 12.73 12.57 12.57 12.78 13.77 14.44 15.63 16.95 18.89 20.69 21.77 22.2 23.53 23.8 24.65 24.65 23.67 22.33 20.76 19.14 17.91 17.16
Data: 23.06.2016
Temperatura: 19.66 18.8 17.61 16.96 17.05 18.45 18.98 20.15 21.2 22.74 23.97 24.78 26.08

Slubice
Data: 22.06.2016
Temperatura: 15.78 14.32 13.87 13.69 13.64 14.32 15.44 17.77 19.67 21.48 22.77 23.99 25.16 25.64 25.9 24.97 25.88 25.7 24.95 24.63 23.67 21.99 20.17 18.93
Data: 21.06.2016
Temperatura: 15.64 15.3 15.44 14.32 14.81 14.45 14.79 15.23 16.14 16.95 17.77 18.19 19.27 19.9 21.37 22.11 21.72 22.72 22.62 21.89 21.05 19.41 18.49 16.66
Data: 23.06.2016
Temperatura: 18.05 17.09 16.09 16.02 15.89 16.49 18.09 20.5 22.85 24.19 25.69 27.2 13.96

Rzeszow
Data: 22.06.2016
Temperatura: 17.23 16.2 15.66 14.04 14.54 14.82 16.48 18.95 21.13 22.37 24.08 25.82 26.55 27.11 27.94 27.52 28.39 27.54 26.57 25.01 23.21 22.56 20.44 19.85
Data: 21.06.2016
Temperatura: 16.64 16.05 14.96 14.2 14.57 14.75 15.79 16.43 17.96 19.93 21.4 23.27 24.92 25.38 26.64 26.26 26.72 26.45 24.78 24.2 23.07 20.93 19.7 18.44
Data: 23.06.2016
Temperatura: 18.5 17.58 17.18 16.73 16.93 17.78 19.25 20.77 22.28 23.41 25.24 26.45 26.55

